# ZEV polynomials - GF(2)
#
p3
  1         1 1
  -1        1 1 1
p5
  1         1 1
  -1        1 1 1 1 1
p7
  1         1 1
  -1        1 1 1 1 1 1 1
p7b7
  1         1 -1
  b7        1 0 1 1
  -1-b7     1 1 0 1
p9
  1         1 1
  -1        1 1 1
  0         1 0 0 1 0 0 1
p11
  1         1 1
  -1        1 1 1 1 1 1 1 1 1 1 1
p13
  1         1 1
  -1        1 1 1 1 1 1 1 1 1 1 1 1 1
p15b15
  1         1 -1
  -1        1 1 1
  -1        1 1 1 1 1
  1+b15     1 0 0 1 1
  -b15      1 1 0 0 1
p17b17
  1         1 -1
  b17       1 1 1 0 1 0 1 1 1
  -1-b17    1 0 0 1 1 1 0 0 1
p21b7
  1         1 -1
  -1        1 1 1
  b7        1 0 1 1
  -1-b7     1 1 0 1
  1+b7      1 1 1 0 1 0 1
  -b7       1 0 1 0 1 1 1
p23b23
  1         1 -1
  b23       1 0 1 0 1 1 1 0 0 0 1 1
  -1-b23    1 1 0 0 0 1 1 1 0 1 0 1
p31f31
  1         1 -1
  f31       1 0 0 1 0 1
  f31**     1 0 1 0 0 1
  f31*5     1 1 0 1 1 1
  f31**5    1 1 1 0 1 1
  f31*6     1 1 1 1 0 1
  f31**6    1 0 1 1 1 1
p31c31
  1         1 1
  c31       1 0 1 1 0 1 0 1 1 0 1
  c31*5     1 0 0 0 1 1 1 0 0 0 1
  c31*25    1 1 0 1 1 1 1 1 0 1 1
p31b31
  1         1 1
  b31       1 1 1 0 0 0 1 1 0 0 0 0 1 0 0 1
  -1-b31    1 0 0 1 0 0 0 0 1 1 0 0 0 1 1 1
p33b33
  1         1 -1
  -1        1 1 1
  -1        1 1 1 1 1 1 1 1 1 1 1
  1+b33     1 0 0 1 0 1 0 1 0 0 1
  -b33      1 1 0 0 0 1 0 0 0 1 1
p35b7
  1         1 -1
  b7        1 0 1 1
  -1-b7     1 1 0 1
  -1        1 1 1 1 1
  1+b7      1 1 1 0 1 0 0 1 1 1 1 0 1
  -b7       1 0 1 1 1 1 0 0 1 0 1 1 1
p39b39
  1         1 -1
  -1        1 1 1
  -1        1 1 1 1 1 1 1 1 1 1 1 1 1
  1+b39     1 1 1 1 0 0 0 1 1 1 1 0 1
  -b39      1 0 1 1 1 1 0 0 0 1 1 1 1
p41b41
  1         1 -1
  b41       1 0 1 1 1 1 1 0 0 1 1 1 0 0 1 1 1 1 1 0 1
  -1-b41    1 1 0 1 1 0 1 0 0 1 1 1 0 0 1 0 1 1 0 1 1
p43c43
  1         1 -1
  c43       1 1 0 1 0 0 0 1 0 0 0 1 0 1 1
  c43*3     1 0 1 0 1 0 0 1 0 0 1 0 1 0 1
  c43*9     1 0 0 1 1 1 1 1 1 1 1 1 0 0 1
p45b15
  1         1 -1
  -1        1 1 1
  -1        1 1 1 1 1
  1+b15     1 0 0 1 1
  -b15      1 1 0 0 1
  0         1 0 0 1 0 0 1
  0         1 0 0 0 0 0 0 0 0 1 0 0 1
  0         1 0 0 1 0 0 0 0 0 0 0 0 1
p47b47
  1         1 -1
  b47       1 0 0 0 1 1 0 0 0 1 1 1 0 1 1 0 1 1 1 0 1 1 1 1
  -1-b47    1 1 1 1 0 1 1 1 0 1 1 0 1 1 1 0 0 0 1 1 0 0 0 1
p49b7
  1         1 1
  b7        1 0 1 1
  -1-b7     1 1 0 1
  0         1 0 0 0 0 0 0 0 0 0 0 0 0 0 1 0 0 0 0 0 0 1
  0         1 0 0 0 0 0 0 1 0 0 0 0 0 0 0 0 0 0 0 0 0 1
p51s51
  1         1 -1
  -1        1 1 1
  b17       1 1 1 0 1 0 1 1 1
  -1-b17    1 0 0 1 1 1 0 0 1
  s51       1 1 1 1 1 0 0 1 1
  s51**     1 1 0 0 1 1 1 1 1
  s51*5     1 0 0 0 1 1 0 1 1
  s51**5    1 1 0 1 1 0 0 0 1
p51b17
  1         1 -1
  -1        1 1 1
  b17       1 1 1 0 1 0 1 1 1
  -1-b17    1 0 0 1 1 1 0 0 1
  -b17      1 1 0 1 0 0 1 0 1 0 1 0 0 1 0 1 1
  1+b17     1 0 0 0 1 1 1 1 1 1 1 1 1 0 0 0 1
p55b55
  1         1 1
  -1        1 1 1 1 1
  -1        1 1 1 1 1 1 1 1 1 1 1
  1+b55     1 0 1 1 0 1 1 0 1 0 0 1 0 1 1 1 0 0 1 1 1
  -b55      1 1 1 0 0 1 1 1 0 1 0 0 1 0 1 1 0 1 1 0 1
p57b57
  1         1 1
  -1        1 1 1
  -1        1 1 1 1 1 1 1 1 1 1 1 1 1 1 1 1 1 1 1
  1+b57     1 1 1 1 0 1 1 1 0 1 0 1 1 1 0 1 1 1 1
  -b57      1 0 1 1 1 0 0 0 0 1 0 0 0 0 1 1 1 0 1
p63u63
  1         1 -1
  -1        1 1 1
  b7        1 0 1 1
  -1-b7     1 1 0 1
  0         1 0 0 1 0 0 1
  1+b7      1 1 1 0 1 0 1
  -b7       1 0 1 0 1 1 1
  u63       1 0 1 1 0 1 1
  u63**     1 1 0 1 1 0 1
  u63*5     1 0 0 0 0 1 1
  u63**5    1 1 0 0 0 0 1
  u63*11    1 1 0 0 1 1 1
  u63**11   1 1 1 0 0 1 1
p65x
  1         1 1
  -1        1 1 1 1 1
  -1        1 1 1 1 1 1 1 1 1 1 1 1 1
  sig(1)    1 0 1 1 1 0 1 0 1 1 1 0 1
  sig(3)    1 1 0 1 0 1 1 1 0 1 0 1 1
  sig(9)    1 0 1 0 0 1 1 1 0 0 1 0 1
  sig(27)   1 0 0 0 1 1 1 1 1 0 0 0 1
p69b23
  1         1 -1
  -1        1 1 1
  b23       1 0 1 0 1 1 1 0 0 0 1 1
  -1-b23    1 1 0 0 0 1 1 1 0 1 0 1
  -b23      1 0 1 0 0 1 1 0 0 1 1 0 0 0 0 0 1 1 0 0 1 1 1
  1+b23     1 1 1 0 0 1 1 0 0 0 0 0 1 1 0 0 1 1 0 0 1 0 1
p71b71
  1         1 1
  b71       1 0 1 0 0 0 0 1 1 1 1 1 0 0 0 0 0 0 1 0 0 0 1 0 0 0 0 1 1 0 1 1 0 0 1 1
  -1-b71    1 1 0 0 1 1 0 1 1 0 0 0 0 1 0 0 0 1 0 0 0 0 0 0 1 1 1 1 1 0 0 0 0 1 0 1
p73h73
  1         1 1
  h73       1 0 1 0 0 1 1 0 0 1
  h73**     1 0 0 1 1 0 0 1 0 1
  h73*3     1 0 0 0 0 1 0 1 1 1
  h73**3    1 1 1 0 1 0 0 0 0 1
  h73*5     1 1 0 0 0 0 0 0 0 1
  h73**5    1 0 0 0 0 0 0 0 1 1
  h73*11    1 1 0 1 0 0 1 0 0 1
  h73**11   1 0 0 1 0 0 1 0 1 1
p75b15
  1         1 -1
  -1        1 1 1
  -1        1 1 1 1 1
  1+b15     1 0 0 1 1
  -b15      1 1 0 0 1
  0         1 0 0 0 0 1 0 0 0 0 1 0 0 0 0 1 0 0 0 0 1
  0         1 0 0 0 0 0 0 0 0 0 0 0 0 0 0 1 0 0 0 0 1
  0         1 0 0 0 0 1 0 0 0 0 0 0 0 0 0 0 0 0 0 0 1
p77b7
  1         1 -1
  b7        1 0 1 1
  -1-b7     1 1 0 1
  -1        1 1 1 1 1 1 1 1 1 1 1
  -b7       1 0 1 1 1 0 0 1 0 1 1 1 0 0 1 0 1 1 1 0 0 1 1 1 0 0 1 0 1 1 1
  1+b7      1 1 1 0 1 0 0 1 1 1 0 0 1 1 1 0 1 0 0 1 1 1 0 1 0 0 1 1 1 0 1
p79b79
  1         1 1
  b79=sig(1)  1 1 1 0 1 1 0 0 0 0 0 1 0 1 1 0 1 0 1 1 1 1 0 0 1 1 1 1 0 1 1 1 0 0 0 1 1 0 0 1
  -1-b79=sig(3)  1 0 0 1 1 0 0 0 1 1 1 0 1 1 1 1 0 0 1 1 1 1 0 1 0 1 1 0 1 0 0 0 0 0 1 1 0 1 1 1
p85s85
  1         1 -1
  -1        1 1 1 1 1
  b17       1 1 1 0 1 0 1 1 1
  -1-b17    1 0 0 1 1 1 0 0 1
  s85       1 0 1 1 1 0 1 1 1
  s85**     1 1 1 0 1 1 1 0 1
  s85*3     1 1 0 1 1 1 1 0 1
  s85**3    1 0 1 1 1 1 0 1 1
  s85*7     1 1 0 0 0 1 0 1 1
  s85**7    1 1 0 1 0 0 0 1 1
  s85*9     1 0 0 1 1 1 1 1 1
  s85**9    1 1 1 1 1 1 0 0 1
p87b87
  1         1 1
  -1        1 1 1
  -1        1 1 1 1 1 1 1 1 1 1 1 1 1 1 1 1 1 1 1 1 1 1 1 1 1 1 1 1 1
  1+b87=sig(1)  1 0 1 1 0 0 1 1 1 1 0 1 1 1 1 1 0 0 0 1 1 0 0 0 1 1 1 1 1
  -b87=sig(5)  1 1 1 1 1 0 0 0 1 1 0 0 0 1 1 1 1 1 0 1 1 1 1 0 0 1 1 0 1
p89h89
  1         1 1
  h89       1 0 0 1 1 1 1 0 1 1 1 1
  h89**     1 1 1 1 0 1 1 1 1 0 0 1
  h89*3     1 1 0 1 1 1 1 1 1 1 1 1
  h89**3    1 1 1 1 1 1 1 1 1 0 1 1
  h89*9     1 0 0 1 0 0 1 1 0 1 1 1
  h89**9    1 1 1 0 1 1 0 0 1 0 0 1
  h89*13    1 0 0 0 1 1 0 0 0 0 1 1
  h89**13   1 1 0 0 0 0 1 1 0 0 0 1
p91x
  1         1 1
  b7        1 0 1 1
  -1-b7     1 1 0 1
  -1        1 1 1 1 1 1 1 1 1 1 1 1 1
  sig(1)    1 0 1 1 0 0 0 0 0 0 0 1 1
  sig(17)   1 1 0 0 0 0 0 0 0 1 1 0 1
  sig(3)    1 1 0 1 1 1 1 0 0 1 0 1 1
  sig(11)   1 1 0 1 0 0 1 1 1 1 0 1 1
  sig(9)    1 0 0 1 1 1 1 0 1 0 0 0 1
  sig(19)   1 0 0 0 1 0 1 1 1 1 0 0 1
p93f31
  1         1 -1
  -1        1 1 1
  f31       1 0 0 1 0 1
  f31**     1 0 1 0 0 1
  f31*5     1 1 0 1 1 1
  f31**5    1 1 1 0 1 1
  f31*6     1 1 1 1 0 1
  f31**6    1 0 1 1 1 1
  -f31      1 0 0 0 0 1 1 0 1 0 1
  -f31**    1 0 1 0 1 1 0 0 0 0 1
  -f31*5    1 1 1 0 0 1 0 1 0 1 1
  -f31**5   1 1 0 1 0 1 0 0 1 1 1
  -f31*6    1 0 1 0 0 0 0 1 0 1 1
  -f31**6   1 1 0 1 0 0 0 0 1 0 1
