# ZEV polynomials - GF(5)
#
p4i
  1         1 4
  -1        1 1
  i         1 3
  -i        1 2
p8i
  1         1 4
  -1        1 1
  i         1 3
  -i        1 2
  0         1 0 3
  0         1 0 2
p11b11
  1         1 4
  b11       1 4 4 1 3 4
  -1-b11    1 2 4 1 1 4
p13c13
  1         1 4
  c13       1 3 0 3 1
  c13*3     1 1 4 1 1
  c13*9     1 2 1 2 1
p12i
  1         1 4
  -1        1 1
  i         1 3
  -i        1 2
  -1        1 1 1
  1         1 4 1
  i         1 3 4
  -i        1 2 4
p16i
  1         1 4
  -1        1 1
  i         1 3
  -i        1 2
  0         1 0 3
  0         1 0 2
  0         1 0 0 0 3
  0         1 0 0 0 2
p19b19
  1         1 4
  b19       1 0 3 2 2 2 4 2 4 4
  -1-b19    1 1 3 1 3 3 3 2 0 1
p21b21
  1         1 4
  -1        1 1 1
  -1        1 1 1 1 1 1 1
  -b21      1 0 2 2 2 0 1
  1+b21     1 4 3 1 3 4 1
p22b11
  1         1 4
  -1        1 1
  b4        1 4 4 1 3 4
  -1-b4     1 2 4 1 1 4
  -b11      1 1 4 4 3 1
  1+b11     1 3 4 4 1 1
p24yd24
  1         1 4
  -1        1 1
  i         1 3
  -i        1 2
  0         1 0 3
  0         1 0 2
  -1        1 1 1
  1         1 4 1
  i         1 3 4
  -i        1 2 4
  y'24=(r6+i6)/2  1 4 2
  -y'24=(-r6-i6)/2  1 1 2
  y'24**=(r6-i6)/2  1 2 3
  -y'24**=(-r6+i6)/2  1 3 3
p24i
  1         1 4
  -1        1 1
  i         1 3
  -i        1 2
  0         1 0 3
  0         1 0 2
  -1        1 1 1
  1         1 4 1
  i         1 3 4
  -i        1 2 4
  0         1 0 3 0 4
  0         1 0 2 0 4
p24r6
  1         1 4
  -1        1 1
  0         1 0 1
  0         1 0 3
  0         1 0 2
  -1        1 1 1
  1         1 4 1
  0         1 0 4 0 1
  r6        1 1 3 1 1
  -r6       1 4 3 4 1
p24i6
  1         1 4
  -1        1 1
  0         1 0 1
  0         1 0 3
  0         1 0 2
  -1        1 1 1
  1         1 4 1
  0         1 0 4 0 1
  i6        1 2 2 3 1
  -i6       1 3 2 2 1
p26c13
  1         1 4
  -1        1 1
  c13       1 3 0 3 1
  c13*3     1 1 4 1 1
  c13*9     1 2 1 2 1
  -c13      1 2 0 2 1
  -c13*3    1 4 4 4 1
  -c13*9    1 3 1 3 1
p29b29
  1         1 4
  b29       1 2 4 0 4 4 3 1 3 4 4 0 4 2 1
  -1-b29    1 4 4 2 2 4 0 3 0 4 2 2 4 4 1
p52c13
  1         1 4
  -1        1 1
  0         1 0 1
  c13       1 3 0 3 1
  c13*3     1 1 4 1 1
  c13*9     1 2 1 2 1
  -c13      1 2 0 2 1
  -c13*3    1 4 4 4 1
  -c13*9    1 3 1 3 1
  0         1 0 2 0 0 0 2 0 1
  0         1 0 4 0 4 0 4 0 1
  0         1 0 3 0 1 0 3 0 1
