# ZEV polynomials - GF(23)
#
p7b7
  1         1 -1
  b7        1 10 9 22
  -1-b7     1 14 13 22
p8r2
  1         1 -1
  -1        1 1
  0         1 0 1
  r2        1 18 1
  -r2       1 5 1
p11z11
  1         1 -1
  z11       1 21
  z11*2     1 19
  z11*3     1 15
  z11*4     1 7
  z11*5     1 14
  z11*6     1 5
  z11*7     1 10
  z11*8     1 20
  z11*9     1 17
  z11*10    1 11
p11y11
  1         1 22
  y11       1 9 1
  y11*2     1 13 1
  y11*3     1 12 1
  y11*4     1 17 1
  y11*5     1 19 1
p11b11
  1         1 22
  b11       1 5 22 1 4 22
  -1-b11    1 19 22 1 18 22
p12r3
  1         1 -1
  -1        1 1
  -1        1 1 1
  0         1 0 1
  1         1 -1 1
  r3        1 7 1
  -r3       1 16 1
p13b13
  1         1 -1
  b13       1 9 2 8 2 9 1
  -1-b13    1 15 2 14 2 15 1
p14b7
  1         1 -1
  -1        1 1
  b7        1 10 9 22
  -1-b7     1 14 13 22
  -b7       1 13 9 1
  1+b7      1 9 13 1
p15b15
  1         1 -1
  -1        1 1 1
  -1        1 1 1 1 1
  -b15      1 16 21 6 1
  1+b15     1 6 21 16 1
