# ZEF polynomials - GF(4)
#
p3z3
  1         1 -1
  z3        1 2
  -1-z3     1 3
p5b5
  1         1 1
  b5        1 3 1
  -1-b5     1 2 1
p9z3
  1         1 -1
  z3        1 2
  -1-z3     1 3
  0         1 0 0 2
  0         1 0 0 3
p11b11
  1         1 1
  b11       1 2 1 1 3 1
  -1-b11    1 3 1 1 2 1
p13b13
  1         1 1
  b13       1 2 0 3 0 2 1
  -1-b13    1 3 0 2 0 3 1
p15yd15
  1         1 1
  z3        1 2
  -1-z3     1 3
  b5        1 3 1
  -1-b5     1 2 1
  y'15      1 1 2
  y'15*2    1 1 3
  y'15*7    1 2 2
  y'15*11   1 3 3
p17d17
  1         1 1
  d17       1 3 1 3 1
  d17*2     1 2 1 2 1
  d17*3     1 1 2 1 1
  d17*6     1 1 3 1 1
p19b19
  1         1 1
  b19       1 3 0 3 3 2 2 0 2 1
  -1-b19    1 2 0 2 2 3 3 0 3 1
p21x21
  1         1 1
  z3        1 2
  -1-z3     1 3
  b7        1 0 1 1
  -1-b7     1 1 0 1
  x21       1 2 0 1
  x21*2     1 3 0 1
  x21*5     1 0 2 1
  x21*10    1 0 3 1
p25b5
  1         1 1
  b5        1 3 1
  -1-b5     1 2 1
  0         1 0 0 0 0 3 0 0 0 0 1
  0         1 0 0 0 0 2 0 0 0 0 1
p27z3
  1         1 1
  z3        1 2
  -1-z3     1 3
  0         1 0 0 2
  0         1 0 0 3
  0         1 0 0 0 0 0 0 0 0 2
  0         1 0 0 0 0 0 0 0 0 3
p29b29
  1         1 1
  b29       1 3 0 3 2 1 2 3 2 1 2 3 0 3 1
  -1-b29    1 2 0 2 3 1 3 2 3 1 3 2 0 2 1
p33v33
  1         1 1
  z3        1 2
  -1-z3     1 3
  b11       1 2 1 1 3 1
  -1-b11    1 3 1 1 2 1
  v33       1 1 2 1 2 2
  v33*2     1 1 3 1 3 3
  v33*5     1 3 3 1 1 3
  v33*10    1 2 2 1 1 2
p35u35
  1         1 1
  b5        1 3 1
  -1-b5     1 2 1
  b7        1 0 1 1
  -1-b7     1 1 0 1
  u35       1 2 1 3 3 0 1
  u35*2     1 3 1 2 2 0 1
  u35*3     1 0 2 2 1 3 1
  u35*6     1 0 3 3 1 2 1
