W:=ReflectionSubgroup(ComplexReflectionGroup(33), [ 137, 101, 42 ]);
phi:=
(  1,  5, 15, 51,166,138, 73, 40,  4,  6, 31,  9,170,169, 87, 70, 37, 19)
(  2,172, 63,137,189,195, 24, 42, 26,  8,155,101,140,100,192, 59, 45, 13)
(  3,  7,168, 81, 78,128, 56, 43, 33, 12, 11,146, 79,216,131, 10, 39, 41)
( 14,165,153,236,221,248,124, 38, 20, 17, 47,151,246,223,249,121, 35, 36)
( 16,159,187,106, 96,197,193, 48, 27,102,161,114,103,143,199,203,149, 30)
( 18,110, 74,135,186, 99, 58,196,179, 22, 66,107,117,183,184, 62,198,176)
( 21,105, 91, 50,202, 77,252,104,160, 25, 54, 89,156,204,163,251, 83,157)
( 23,108,173, 57,226,119,116, 90,147, 28, 34,171, 55,224,120,139, 93, 46)
( 29, 72,190, 86,164,132, 60,201,175,136, 75,115, 82,217,134, 53,228,177)
( 32,205, 98,148,191,245,254,126,127, 68,206,167,152,194,243,253,255,129)
( 44, 94,150,200,242,268,222,250,118,142, 97,145,225,244,269,219,258,122)
( 49, 61,247,234,207,123,144, 95,154,182, 64,237,233,227,125,113, 92,158)
( 52, 85,215,241,232,210,256,133, 65,188, 88,162,240,270,211,181,130, 71)
( 67,174, 80,214,239,209,178,141,111, 69,185, 84, 76,238,257,180,112,109)
(208,260,266,213,262,267,220,259,230,229,261,235,212,263,265,218,264,231);
Spets(W,phi); # false but it should work: phi in N(W)
W:=ReflectionSubgroup(ComplexReflectionGroup(33), [ 24, 3, 4]);
phi:=
(  1,133,156, 61,252,246,191,124,270)(  2, 55,135,140,204,193, 24,  4,  3)
(  5,239,153,112,269,226,118, 40,215)(  6,130, 50, 64,251,236,194,121,232)
(  7, 95,170, 27,206,227, 80, 73,255)(  8, 57,117,137,202,203, 59, 19, 12)
(  9, 18,101,139,106,195, 83, 10, 13)( 11, 92, 51, 30,205,207, 84, 70,126)
( 14,199,187, 85,111,257, 21, 43,216)( 15, 22, 63,116,103,192,104, 56, 26)
( 16, 53, 23, 79,136,105, 62, 86, 87)( 17,197,114, 88,109,209, 25, 39, 78)
( 20,211,152, 34,249,186, 65, 93,168)( 28, 81, 29, 54, 58, 82,138,102, 60)
( 31,238,151,141,268,224,122, 37,162)( 32,254,169, 66,198,185, 33,131,150)
( 35,221, 46,143,159, 98,107,176, 49)( 36,210,148,108,248,183, 71, 90,146)
( 38,223,147, 96,161,167, 74,179,182)( 41,128,145, 68,253,166,110,196,174)
( 42,259,158,230,115,256,212,201,244)( 44,160,184, 69,222,165, 91,180,149)
( 45,264,154,231,190,181,213,228,242)( 47, 89,178, 48,142,157, 99, 67,219)
( 52,266,132,250,220, 72,237,172,260)( 75,247,155,261,188,235,134,258,218)
( 76,127,233, 77,144,171,200,119,243)( 94,265,177,123,208,217,240,100,263)
( 97,267,175,125,229,164,241,189,262)(113,173,225,120,245,214,129,234,163);
Spets(W,phi); # false but it should work: phi in N(W)
W:=ComplexReflectionGroup(3,3,3);
phi:=
( 1, 3, 2,11,31,50,52,53,21)( 4,13, 8,25,40,47,48,51,24)
( 5,19,39,49,54,41, 7, 6, 9)(10,14,17,22,37,32,44,36,43)
(12,23,15,30,35,38,46,45,16)(18,33,29,42,28,20,26,27,34);
Spets(W,phi); # false but it should work: phi in N(W)
